## Legajo;Nombre;Legajo Supervisor
000000;Jefe Supremo;
000001;Gerente 0;000000
000002;Jefe 0;000001
000003;Jefe 1;000001
000004;Jefe 2;000001
000005;Lider 0;000002
000006;Lider 1;000002
000007;Lider 2;000002
000008;Lider 3;000003
000009;Lider 4;000003
000010;Lider 5;000003
000011;Lider 6;000003
000012;Empleado 19;000010
000013;Empleado 20;000010
000014;Empleado 21;000010
000015;Empleado 22;000011
000016;Empleado 23;000011
000017;Empleado 0;000005
000018;Empleado 1;000005
000019;Empleado 2;000005
000020;Empleado 3;000006
000021;Empleado 4;000006
000022;Empleado 5;000006
000023;Empleado 6;000006
000024;Empleado 7;000007
000025;Empleado 8;000007
000026;Empleado 9;000007
000027;Empleado 10;000007
000028;Empleado 11;000007
000029;Empleado 12;000008
000030;Empleado 13;000008
000031;Empleado 14;000008
000032;Empleado 15;000008
000033;Empleado 16;000009
000034;Empleado 17;000009
000035;Empleado 18;000009
000036;Lider 7;000004
000037;Lider 8;000004
000038;Empleado 24;000036
000039;Empleado 25;000036
000040;Empleado 26;000036
000041;Empleado 27;000036
000042;Empleado 28;000037
000043;Empleado 29;000037
000044;Empleado 30;000037
